tree
version=v4
num_class=1
num_tree_per_iteration=1
label_index=0
max_feature_idx=157
objective=lambdarank
feature_names=Column_0 Column_1 Column_2 Column_3 Column_4 Column_5 Column_6 Column_7 Column_8 Column_9 Column_10 Column_11 Column_12 Column_13 Column_14 Column_15 Column_16 Column_17 Column_18 Column_19 Column_20 Column_21 Column_22 Column_23 Column_24 Column_25 Column_26 Column_27 Column_28 Column_29 Column_30 Column_31 Column_32 Column_33 Column_34 Column_35 Column_36 Column_37 Column_38 Column_39 Column_40 Column_41 Column_42 Column_43 Column_44 Column_45 Column_46 Column_47 Column_48 Column_49 Column_50 Column_51 Column_52 Column_53 Column_54 Column_55 Column_56 Column_57 Column_58 Column_59 Column_60 Column_61 Column_62 Column_63 Column_64 Column_65 Column_66 Column_67 Column_68 Column_69 Column_70 Column_71 Column_72 Column_73 Column_74 Column_75 Column_76 Column_77 Column_78 Column_79 Column_80 Column_81 Column_82 Column_83 Column_84 Column_85 Column_86 Column_87 Column_88 Column_89 Column_90 Column_91 Column_92 Column_93 Column_94 Column_95 Column_96 Column_97 Column_98 Column_99 Column_100 Column_101 Column_102 Column_103 Column_104 Column_105 Column_106 Column_107 Column_108 Column_109 Column_110 Column_111 Column_112 Column_113 Column_114 Column_115 Column_116 Column_117 Column_118 Column_119 Column_120 Column_121 Column_122 Column_123 Column_124 Column_125 Column_126 Column_127 Column_128 Column_129 Column_130 Column_131 Column_132 Column_133 Column_134 Column_135 Column_136 Column_137 Column_138 Column_139 Column_140 Column_141 Column_142 Column_143 Column_144 Column_145 Column_146 Column_147 Column_148 Column_149 Column_150 Column_151 Column_152 Column_153 Column_154 Column_155 Column_156 Column_157
feature_infos=[-0.37843025540483055:14.876485730335665] [-0.57676497261367743:37.538290656591059] [-0.62055190602834742:50.837606163334968] [-1.4289103232830127:68.757880085551022] [-47.893308343727064:48.66804602687148] [-0.69707206424468782:40.229145582565451] [-7.7105277802008407:116.55233627270304] [-11.867645394877641:13.894425622700249] [-1.9043320660500944:1.9089551144383874] [-0.94294994154191392:60.75388684057355] [-1.3544183958294918:3.2581510674460357] [-0.94757362436960768:17.782841054836215] [-1.2448138339549779:3.7144567955255567] [-12.870679581003989:11.211163638147584] [-1.5778334502731639:1.7225255908317032] [-1.0427826002051734:27.380867719788238] [-13.961033993637004:0.92807781615312346] [-1.2226884913445422:2.2617377148299802] [-8.1040979857317907:3.5593510287219008] [-5.7315869933457542:3.3875285002201911] [-4.0136483671741781:3.2983543940381885] [-3.2512162489859304:2.8361114676267043] [-2.2263702257073223:2.8292048948535298] [-9.7592917209954511:2.9014869227290703] [-6.4648640869640763:2.5432565622290446] [-4.3968987937719159:2.1956223401093062] [-3.5182264003759509:2.1168157728998831] [-1.1596077773298772:27.136693647347517] [-1.2433542749983124:20.18957404279988] [-1.3136164303698974:15.784254085359533] [-1.3419961038017199:12.510883499090285] [-1.2943579672060161:11.037294944906003] [-9.4160007063974653:19.869384847215695] [-8.1053169572963153:15.188737075922262] [-6.1337636759717249:11.611138198358177] [-5.0383782310544269:9.3231515293419687] [-4.5498985948319541:8.4283391065378996] [-0.04561298705220463:26.629398375054979] [-0.043338196541051706:31.401391468925233] [-0.039875214557748506:37.65613031994004] [-0.041121469524629722:36.869064065796017] [-0.040976934225659352:36.804646466178156] [-14.14464167738838:27.547141292105795] [-11.149682411508751:23.492695332287774] [-9.5620464949269941:19.411118891917514] [-9.6905172843971989:16.94186301783899] [-8.5582057127693201:13.040332455549962] [-1.8759783085578681:1.2956966981935751] [-1.6194418278584219:1.3582712280659792] [-1.4923408634013191:1.3685405998087095] [-1.4333885072083896:1.3772795062329821] [-1.2714497796270727:1.437813969081319] [-1.5773621286491579:1.7575972484672551] [-1.5709850043765146:1.7582156262234923] [-1.5332659017566532:1.7555281097518074] [-1.5004929283371122:1.7703685002562575] [-1.3663888793200434:1.8491117734942342] [-1.1601383886664007:1.3339213466546049] [-1.2434174793078374:1.4053039827435727] [-1.2876946697909031:1.4330460325364962] [-1.2787244184443445:1.4728010845846635] [-1.1838060996780517:1.5535655377916193] [-1.1729446880658192:1.3220203065383116] [-1.217224674729583:1.4390385302224324] [-1.1780364743745027:1.559682590587413] [-1.1355015236492041:1.6468283295441393] [-1.0398324452665015:1.8458709277493499] [-1.4278301343293507:1.4420765838545997] [-1.5619842747268045:1.5274028443954486] [-1.7062535981922724:1.5655975391288119] [-1.803235892774834:1.6099759455316325] [-2.0071444908093632:1.7371036118677383] [-2.2787087367747865:1.4045705019113297] [-2.7953711063328393:1.6593544371506681] [-3.009811464101372:1.849625578666833] [-3.2046933467955645:1.9489403786436719] [-3.2979969670377365:2.0495377698639632] [-2.1013439697138359:1.3521602800532293] [-2.7445432322369641:1.6986105036957375] [-3.2135936278939985:1.9451779684376382] [-3.498511965095763:2.0951148386035712] [-3.541401057740075:2.4909823430633615] [-2.1392276689436813:2.380426690348953] [-2.8336155675332577:3.2152887866598916] [-3.1691328822845213:2.7157405897541969] [-3.0162687787900859:2.3956106476950976] [-2.3250144735309419:1.6553624737425714] [-2.2096507318885075:2.2961813286965138] [-2.8930717834238933:3.0880758309163721] [-3.1911565547728911:3.2470788976235938] [-3.0204164745763538:2.6808308864957322] [-2.3200769394529424:1.8595252527477188] [-3.3482073317943253:3.4518911319231687] [-4.362485786987941:3.7538180862798574] [-4.4430326007786425:3.7840861435347395] [-4.7108994409378839:4.2554028313474053] [-1.7851488557787318:1.8351126028893177] [-2.3649393421302181:2.4154459164005075] [-2.7716504860462332:2.9081643735080913] [-2.7589375489425945:2.7190977127048064] [-2.2496115798877399:2.2061324580154364] [-1.788757747327264:1.8311889445800398] [-2.3078423004694817:2.4910216823523332] [-2.6847511941831717:2.9029738256532673] [-2.6919027467651389:2.7606902429327818] [-2.6124826045995144:2.5413442605278416] [-3.4713436657187877:3.5495574587975089] [-3.8657949324913501:3.9465730621697981] [-3.8376645228055835:4.8823326687203856] [-2.8420907919903096:19.750047122565153] [-2.3938362689710981:16.472943717982783] [-2.056997328409222:21.083884163125848] [-1.8514438989847641:21.224966755996977] [-1.4594555454844764:20.28788440060206] [-1.4803963404243419:29.080212797016202] [-1.4910073297139612:16.65074902781754] [-1.4572472813563324:19.128890664532069] [-1.4067497538167724:17.593083110310712] [-1.1946953610188664:14.628085664212696] [-2.6479153430612015:3.7259461578455224] [-2.7017300972161684:5.1451406640669823] [-2.4622342679187739:6.3449177047652174] [-2.2646477038645809:7.0597408233029615] [-1.8346308136020899:7.2896964447689356] [-2.3518134972783353:2.5494994223670568] [-3.5214225730454767:3.7685216649101378] [-3.7295972604931817:3.5028322869193196] [-3.265086459955532:2.9203569753871088] [-2.3193100359480572:2.049586244499364] [-2.469183784349565:2.4104623107432528] [-3.5541975253152644:3.6999144269507958] [-3.7275420586954304:3.2945451846001688] [-3.2640085203823279:2.5163654200166565] [-4.4691542479418418:4.5312951155784269] [-6.4702192012945003:6.9205429604401321] [-7.2142887287687083:8.5452713387769492] [-8.5938662415129894:12.479435828620749] [-3.2997384348353469:3.2359251229921817] [-15.92841476705223:28.926576008769445] [-1.6859001809516392:169.70702316520286] [-1.7775204953055186:16.969093285950553] [-0.5982198606792507:30.293849309677636] [-0.62646226405612326:23.5960612788585] [-2.4043546306941743:6.0183607802588224] [-1.7116769603791708:1.9426059815064385] [-1.7820378064379827:2.0244516676692039] [-2.8508791550220933:2.995713864639201] [-34.853932904118182:0.36087424454169365] [-0.44157097488111757:22.161750383790903] [-1.0982434388427136:78.373081272226457] [-1.1522739740987193:57.087185251058216] [-7.2763054849809938:167.14983689410479] [-4.6077358930529835:71.848124770543805] [-3.9577241541307604:54.318600997715286] [-0.38767317911807336:62.928487987113151] [-52.902170691242759:76.716344717894785] [-0.33101011980010403:86.087825454468955] [-58.266300758907498:0.30424946330263375]
tree_sizes=3541 3529 3476 3475

Tree=0
num_leaves=31
num_cat=0
split_feature=30 1 30 126 0 33 128 152 76 35 93 156 131 75 148 21 140 103 28 58 121 35 74 153 150 61 149 81 20 149
split_gain=7.05001 6.25075 6.16567 4.42616 3.32277 3.31557 3.35992 3.22607 3.94825 2.89366 3.66717 2.83044 4.94597 3.30953 2.80657 2.9562 2.80206 2.76767 2.84375 2.49156 2.25074 2.84245 2.56444 2.16341 2.25218 2.15485 2.71432 2.11742 2.09905 2.30624
threshold=-0.58944696478370284 0.68147704284375921 2.0027555202603913 0.82168550187201528 -0.34212758890124934 1.0551495420943764 0.45732867289758505 0.52997102018616515 -1.3249002139929418 -0.79186116083824432 -1.5340768614552232 -0.32120242468555077 -0.8870289422481612 0.97290221861344317 0.52599726507927569 -0.69495128422985741 0.82921207861474677 -0.42819787116554958 -0.30292966348212819 0.37524563639024655 -0.8504163918704305 0.34093782183456972 -0.6330934310568852 1.3123701147915214 1.0000000180025095e-35 -0.65025061101870896 0.25150408977879263 -0.18177456506263662 0.75320821983312047 0.20338502863355182
decision_type=2 2 2 2 2 2 2 2 2 2 2 2 2 2 2 2 2 2 2 2 2 2 2 2 2 2 2 2 2 2
left_child=5 2 7 14 20 6 11 8 25 10 27 12 -1 19 15 -4 -12 18 -11 28 22 23 -3 24 -22 26 -2 -10 29 -13
right_child=1 4 3 -5 -6 -7 -8 -9 9 17 16 13 -14 -15 -16 -17 -18 -19 -20 -21 21 -23 -24 -25 -26 -27 -28 -29 -30 -31
leaf_value=-0.04801812145286416 -0.040832400544645014 0.04091298689688741 0.017399505641845333 0.029379048847579449 0.0029083407367471387 0.039220623404557724 0.0042491709082074754 0.010454158819582447 0.023475612558746604 -0.012771924286474791 -0.011975266265513346 0.00037604417648102903 -0.012380719959170625 -0.032858311106597822 -0.045449448799886653 -0.024558322297761424 0.025177472040845045 0.007238707666513646 0.0059283847854628285 -0.013890438048536095 0.003554469519551197 0.03996182930917979 -0.038218073473605702 -0.040777450758520378 0.040149892231937614 -0.0053568131939983679 0.016416206692356342 -0.0054329730310135917 -0.032933683785916108 0.029752226332824223
leaf_weight=11.725934442249125 11.364486467209643 1.4661303341854361 5.4007127403747281 4.1010572277009478 29.06024305021856 3.7257915718946597 48.612523498362862 104.10201762488578 15.384648744598964 40.687089441460557 82.37786636070814 71.979175569140352 60.898092217277735 10.434914075536652 11.000901747378519 16.467201817431491 5.2357768462970844 237.63848793279612 40.054468353977427 39.48264154989738 10.778037074487662 23.300235034548678 2.7436958610778666 1.5351212105015282 7.1968168041203162 23.220337274367921 2.3307205829769364 10.266918049077502 4.1270222119055679 7.3095012704143292
leaf_count=1157 1023 79 692 358 2988 354 5198 10773 1273 4562 8969 7849 6298 886 1044 1757 500 24631 4614 4249 1146 2220 185 162 682 2698 325 1170 446 692
internal_value=0.000246195 0.00290326 0.00120679 -0.0185396 0.0164121 -0.00678672 -0.00749484 0.00249332 0.000712102 0.00206575 -0.00477364 -0.0102918 -0.0182616 -0.00590285 -0.024741 -0.0139364 -0.00967185 0.00451533 -0.00343732 -0.00354865 0.0246279 0.0280836 -0.00918958 0.0135113 0.0186243 -0.0149435 -0.0306787 0.0117348 0.00129727 0.00318124
internal_weight=944.009 685.713 609.633 36.9699 76.0803 258.296 254.57 572.663 468.561 431.645 113.265 205.957 72.624 133.333 32.8688 21.8679 87.6136 318.38 80.7416 122.898 47.02 42.8102 4.20983 19.51 17.9749 36.9155 13.6952 25.6516 83.4157 79.2887
internal_count=98980 71851 64389 3851 7462 27129 26775 60538 49765 45719 11912 21577 7455 14122 3493 2449 9469 33807 9176 13236 4474 4210 264 1990 1828 4046 1348 2443 8987 8541
is_linear=0
shrinkage=0.05


Tree=1
num_leaves=31
num_cat=0
split_feature=26 44 79 149 123 23 140 79 81 15 20 29 140 29 33 137 27 114 138 28 20 144 156 114 140 149 140 45 148 28
split_gain=48.2931 18.0133 12.9154 21.6857 14.3937 12.0439 19.0279 11.5714 10.6181 9.72394 8.79856 8.20134 8.12142 8.11518 6.61895 6.19103 6.1999 5.48758 5.40641 6.23222 6.51664 5.86106 6.06856 5.27257 5.16347 5.10224 4.91201 5.80297 4.74399 4.60568
threshold=0.084146063466874074 -0.047877118744363754 -0.21623463600517384 -0.48964835930159528 1.7827654487030558 -0.081447299322983793 0.053260700002452512 -0.1053902500826759 1.5423438733771218 3.9974626920462564 0.13031425246625797 -0.63731376796242678 -0.54919159964084929 1.8203483898363035 0.97508655761247731 -0.89403660128347473 1.9996856517217241 -0.14047685164168081 -0.077490367908805355 -0.41362023618645427 0.50964738524790354 -1.3536057158571426 0.61034485795018389 -0.20547019190693724 -0.16526611001482058 0.40978563267179019 -0.42898719258003676 0.61210132906904435 -0.42797165442750756 -0.29702278318692271
decision_type=2 2 2 2 2 2 2 2 2 2 2 2 2 2 2 2 2 2 2 2 2 2 2 2 2 2 2 2 2 2
left_child=1 10 3 -3 14 6 26 -8 -6 11 15 25 23 -13 -4 -1 24 29 19 -14 21 22 -21 -5 -17 -7 27 -2 -29 -9
right_child=5 2 4 12 8 9 7 17 -10 -11 -12 13 18 -15 -16 16 -18 -19 -20 20 -22 -23 -24 -25 -26 -27 -28 28 -30 -31
leaf_value=0.075085100384239739 0.014212246841929406 -0.010379444966083959 -0.0014697174178042198 0.022345335430681068 0.058454856506656008 -0.017618762936506382 0.05683202890760411 0.01750109378616552 -0.016950839854516977 -0.057837316050668768 -0.038553437359498621 -0.0042602569736313938 -0.01481479842255826 -0.037338628838228201 0.013439399577319475 -0.0053985428434883999 -0.02793322740875533 0.029963692128357724 0.018951152263232893 0.038535967987558664 -0.0022057417361421201 0.057686376981254443 -0.042215227359876949 -0.046592779147224921 0.015959113672388558 0.077951690093111425 0.0056342011739515356 0.043969397618440494 -0.025701537974760432 -0.048193370786825368
leaf_weight=2.6322097131051114 14.112994621973483 30.098151360987686 127.39872306305915 7.342913607833907 23.766419501975182 180.87186754622962 24.901928735198453 4.6056836219504476 5.6369953614193937 9.5492324898950738 15.93880542158149 763.78402121923864 3.8880320808384559 18.954100363072939 177.07144324213732 68.970509094186127 18.293115908629261 12.280608165310694 24.339213037630543 10.455614001723005 5.7319544018246225 71.893838025745936 2.8429844677448264 4.3051500817527977 47.640560942934826 1.2918016626499582 68.881744225509465 2.4413916051853439 45.760777849471197 5.8733409107662755
leaf_count=37 709 2943 4109 247 432 17739 672 253 163 244 687 49031 453 1215 5181 3912 507 494 770 215 163 1444 25 102 2525 15 2767 67 1673 186
internal_value=0.000512967 0.0114337 0.0160769 0.0277297 0.0104396 -0.00562144 0.00628674 0.0333188 0.0438207 -0.00781271 -0.00350294 -0.00730652 0.0365384 -0.00507231 0.00718616 0.000547719 -0.000924135 0.00723756 0.0404338 0.0458702 0.0485335 0.0520046 0.0207135 -0.00288846 0.00329032 -0.0168712 -0.00351336 -0.0136978 -0.0219855 -0.0189546
internal_weight=1801.56 648.247 494.771 160.898 333.874 1153.31 178.858 47.6616 29.4034 974.451 153.475 964.902 130.8 782.738 304.47 137.536 134.904 22.7596 119.152 94.8124 90.9244 85.1924 13.2986 11.6481 116.611 182.164 131.197 62.3152 48.2022 10.479
internal_count=98980 23915 16247 6362 9885 75065 6821 1605 595 68244 7668 68000 3419 50246 9290 6981 6944 933 3070 2300 1847 1684 240 349 6437 17754 5216 2449 1740 439
is_linear=0
shrinkage=0.05


Tree=2
num_leaves=31
num_cat=0
split_feature=25 23 39 27 102 79 149 44 123 79 79 44 141 142 147 1 81 56 119 29 99 46 154 34 137 102 36 145 120 76
split_gain=90.8579 46.4977 22.0289 17.475 14.2466 14.1917 14.4375 14.1566 10.9968 10.8576 7.7057 7.50407 7.02908 6.83625 6.67055 6.96475 6.19139 8.26233 7.88443 7.2747 5.83424 5.77399 5.69439 6.49197 5.35656 5.21268 5.04809 4.96501 4.95093 4.52778
threshold=0.077287581681712972 -0.081447299322983793 21.997595211153993 5.3474245490644741 -2.1108468903479753 -0.21623463600517384 -0.17280317771042072 0.051001870908646864 1.7096895717961025 -0.15509701393501144 1.0619344768390244 -0.10005123297296396 -0.40931352700297846 0.29619809264478597 0.35417164000323859 1.8320938190108891 0.67432835458617013 0.51038172639246726 1.6299490000935402 -0.55397763441243986 1.4500028433081986 1.0816264939789295 0.14848336793212394 0.18984492888565638 0.16372804464675941 0.90868422070311705 0.0095547176085740235 0.82165843066089594 2.0084196897027509 -1.3932264953257425
decision_type=2 2 2 2 2 2 2 2 2 2 2 2 2 2 2 2 2 2 2 2 2 2 2 2 2 2 2 2 2 2
left_child=3 9 -3 4 -1 6 7 12 13 14 -5 -8 -6 20 15 24 17 -10 -18 -20 -7 -9 28 -24 25 -2 -21 -25 -13 -19
right_child=1 2 -4 10 5 8 11 21 16 -11 -12 22 -14 -15 -16 -17 18 29 19 26 -22 -23 23 27 -26 -27 -28 -29 -30 -31
leaf_value=-0.01881076859563699 0.0044330944480240556 -0.017607113210441148 0.067523541358712705 0.063727120779629678 0.007386085748926745 -0.00066819385547060904 -0.022932676281996411 0.031268442095967443 -0.041649986819125066 -0.0020086308874577665 -0.0098073865788576714 0.027808938662937488 -0.038092579299851714 0.015930643638026914 -0.012832369442366924 0.079462525742093115 0.03406326295288066 -0.0015215339150400978 0.070564662390272218 0.014454015212267499 0.021257387449193303 -0.022924202250952361 0.058610003084024455 -0.042169632410598797 0.038866970293698615 0.047821081125685866 -0.057650439826252842 0.031899164920461652 -0.030209382595918377 0.073839473792928878
leaf_weight=36.783513087546453 37.446117499610409 654.31815258204006 7.5687933759763828 22.8378535064403 14.062507643597199 291.40114536113106 6.3513448690064243 35.318065396742895 1.952365525066855 71.981597877806053 4.0532117341645053 129.59206406748854 20.665577917126939 112.15363267110661 10.976317163556812 6.1422121142968527 22.620959522668272 2.1503991750069007 1.9323363099247206 3.552301802672444 33.724388987291604 5.5240302197635165 33.725630463566631 2.6357443057931951 35.024415474850684 8.5007563440594804 6.774921509437263 12.120053747668861 3.6235309359617522 14.649510674178597
leaf_count=2735 1109 67486 66 254 427 12082 441 865 64 2746 40 1983 945 3937 138 41 483 23 18 51 1050 87 409 43 733 196 131 206 59 132
internal_value=0.0010098 -0.0106213 -0.016616 0.0128424 0.0114832 0.012969 0.0223354 0.00379452 0.00792549 0.0126756 0.052463 0.0297538 -0.0195649 0.0052872 0.0234934 0.0281372 0.0292931 0.0525237 0.0165466 -0.0153841 0.00159655 0.0237785 0.0316346 0.0464574 0.024089 0.0126554 -0.0324681 0.0181373 0.0261718 0.0639454
internal_weight=1650.16 831.958 661.887 818.205 791.314 754.531 263.619 75.5702 490.912 170.071 26.8911 188.048 34.7281 437.279 98.0898 87.1135 53.6328 18.7523 34.8805 12.2596 325.126 40.8421 181.697 48.4814 80.9713 45.9469 10.3272 14.7558 133.216 16.7999
internal_count=98980 72515 67552 26465 26171 23436 5465 2324 17971 4963 294 3141 1372 17069 2217 2079 902 219 683 200 13132 952 2700 658 2038 1305 182 249 2042 155
is_linear=0
shrinkage=0.05


Tree=3
num_leaves=31
num_cat=0
split_feature=26 23 44 138 149 141 50 34 20 149 94 77 122 131 154 122 52 126 155 17 106 100 66 29 16 138 32 80 56 145
split_gain=122.795 67.9562 21.1343 13.2453 17.6136 13.1468 12.1583 11.0248 9.99214 10.0483 13.8684 7.27484 5.73932 5.5643 7.67781 5.47629 5.32059 9.13654 5.67778 4.64749 4.57876 4.44066 6.02897 4.29207 4.34537 4.35678 4.28413 4.14899 4.0751 3.95987
threshold=0.13559310371526614 -0.081447299322983793 1.8787819694654198 -0.08396777948337554 -0.49394099323076351 -0.12747170212802475 0.83856813699005273 -0.2847451670053131 0.4931051611866219 0.27211005023468521 0.39039966150546906 0.63083159523120103 1.8557959670506368 -0.54639950592766418 -0.2653973259830823 1.3616037742995604 0.81332937182118226 0.019096488843101282 -0.010510637925561101 -0.06060195934867086 1.0617858484433678 0.51695564808406946 1.4301340011284227 0.14412205974673944 -0.072706894527883523 0.022597697717104813 1.0653151152540499 0.3813142428764425 0.8887829364607015 1.4129730105260845
decision_type=2 2 2 2 2 2 2 2 2 2 2 2 2 2 2 2 2 2 2 2 2 2 2 2 2 2 2 2 2 2
left_child=2 5 3 4 20 27 -5 21 9 10 16 15 28 14 -11 -4 -6 -18 -19 -15 -1 22 -7 24 25 -9 -14 29 -8 -2
right_child=1 -3 11 6 8 7 12 23 -10 13 -12 -13 26 19 -16 -17 17 18 -20 -21 -22 -23 -24 -25 -26 -27 -28 -29 -30 -31
leaf_value=-0.027222128233299225 0.0069677799586128812 -0.023515659968799493 0.033291004974359058 -0.019923037021194551 0.019867771173302844 -0.0034346032381921015 -0.0011351089316758072 0.024833672738039561 -0.029051014554296942 0.022519748660196407 0.053148499892361228 0.020060881171389326 0.010933670463282726 0 0.062869688976332896 0.064178231325346155 -0.026682331835264524 0.041825931033676905 -0.0063552062003862557 0.040259410848804078 0.028857889055049629 0.05750075815347519 0.040643729955391651 -0.054457761571577196 -0.023338346310083174 -0.067513382868171698 0.047794107052152632 -0.018997050575414696 0.0099933873493319118 -0.041891397445202358
leaf_weight=22.453600260429088 79.249410448828712 526.63888234482147 39.39386645401828 41.736232498660684 62.028886523097754 10.75178630533628 117.35357850790024 21.046093636890877 8.1543653642293048 18.188036222243682 23.085177444852889 54.820225791772828 17.231364066712558 12.807195122819396 36.961435062577948 24.182297711726278 21.051277445396408 12.366430316353219 11.654225096106527 15.509825411951168 4.1729468887206158 20.035731635056436 25.883138152305037 2.9473397482652208 8.0304182467516529 1.2386619420722116 15.288329919334499 24.452535721473396 268.99291976890527 4.2560221059247842
leaf_count=2885 2288 64174 737 3342 1425 298 4810 439 705 238 468 1228 455 296 372 225 539 270 334 394 202 290 378 65 190 30 227 1347 10181 148
internal_value=0.000898289 -0.0141272 0.0140613 0.0107825 0.0200937 0.010832 0.0057462 0.0249425 0.0247158 0.0268039 0.0180294 0.0336292 0.00831999 0.0403921 0.0497178 0.0452004 0.0103704 -0.0026044 0.0183129 0.0219425 -0.018171 0.0383402 0.0275972 0.00191999 0.00772664 0.0191987 0.0285094 -0.000888564 0.00660073 0.00437064
internal_weight=1551.96 724.53 827.432 709.036 248.433 197.891 460.602 89.9332 221.807 213.652 130.186 118.396 418.866 83.4665 55.1495 63.5762 107.101 45.0719 24.0207 28.317 26.6265 56.6707 36.6349 33.2625 30.3152 22.2848 32.5197 107.958 386.346 83.5054
internal_count=98980 69647 29333 27143 8128 5473 19015 1690 5041 4336 3036 2190 15673 1300 610 962 2568 1143 604 690 3087 966 676 724 659 469 682 3783 14991 2436
is_linear=0
shrinkage=0.05


end of trees

feature_importances:
Column_149=7
Column_79=5
Column_140=5
Column_20=4
Column_29=4
Column_44=4
Column_23=3
Column_28=3
Column_81=3
Column_138=3
Column_1=2
Column_26=2
Column_27=2
Column_30=2
Column_33=2
Column_34=2
Column_35=2
Column_56=2
Column_76=2
Column_102=2
Column_114=2
Column_122=2
Column_123=2
Column_126=2
Column_131=2
Column_137=2
Column_141=2
Column_145=2
Column_148=2
Column_154=2
Column_156=2
Column_0=1
Column_15=1
Column_16=1
Column_17=1
Column_21=1
Column_25=1
Column_32=1
Column_36=1
Column_39=1
Column_45=1
Column_46=1
Column_50=1
Column_52=1
Column_58=1
Column_61=1
Column_66=1
Column_74=1
Column_75=1
Column_77=1
Column_80=1
Column_93=1
Column_94=1
Column_99=1
Column_100=1
Column_103=1
Column_106=1
Column_119=1
Column_120=1
Column_121=1
Column_128=1
Column_142=1
Column_144=1
Column_147=1
Column_150=1
Column_152=1
Column_153=1
Column_155=1

parameters:
[boosting: gbdt]
[objective: lambdarank]
[metric: ndcg]
[tree_learner: serial]
[device_type: cpu]
[data_sample_strategy: bagging]
[data: ]
[valid: ]
[num_iterations: 200]
[learning_rate: 0.05]
[num_leaves: 31]
[num_threads: 32]
[seed: 42]
[deterministic: 0]
[force_col_wise: 0]
[force_row_wise: 0]
[histogram_pool_size: -1]
[max_depth: -1]
[min_data_in_leaf: 20]
[min_sum_hessian_in_leaf: 0.001]
[bagging_fraction: 0.8]
[pos_bagging_fraction: 1]
[neg_bagging_fraction: 1]
[bagging_freq: 5]
[bagging_seed: 400]
[bagging_by_query: 0]
[feature_fraction: 0.8]
[feature_fraction_bynode: 1]
[feature_fraction_seed: 30056]
[extra_trees: 0]
[extra_seed: 12879]
[early_stopping_round: 0]
[early_stopping_min_delta: 0]
[first_metric_only: 0]
[max_delta_step: 0]
[lambda_l1: 0.1]
[lambda_l2: 0.1]
[linear_lambda: 0]
[min_gain_to_split: 0]
[drop_rate: 0.1]
[max_drop: 50]
[skip_drop: 0.5]
[xgboost_dart_mode: 0]
[uniform_drop: 0]
[drop_seed: 17869]
[top_rate: 0.2]
[other_rate: 0.1]
[min_data_per_group: 100]
[max_cat_threshold: 32]
[cat_l2: 10]
[cat_smooth: 10]
[max_cat_to_onehot: 4]
[top_k: 20]
[monotone_constraints: ]
[monotone_constraints_method: basic]
[monotone_penalty: 0]
[feature_contri: ]
[forcedsplits_filename: ]
[refit_decay_rate: 0.9]
[cegb_tradeoff: 1]
[cegb_penalty_split: 0]
[cegb_penalty_feature_lazy: ]
[cegb_penalty_feature_coupled: ]
[path_smooth: 0]
[interaction_constraints: ]
[verbosity: 1]
[saved_feature_importance_type: 0]
[use_quantized_grad: 0]
[num_grad_quant_bins: 4]
[quant_train_renew_leaf: 0]
[stochastic_rounding: 1]
[linear_tree: 0]
[max_bin: 255]
[max_bin_by_feature: ]
[min_data_in_bin: 3]
[bin_construct_sample_cnt: 200000]
[data_random_seed: 175]
[is_enable_sparse: 1]
[enable_bundle: 1]
[use_missing: 1]
[zero_as_missing: 0]
[feature_pre_filter: 1]
[pre_partition: 0]
[two_round: 0]
[header: 0]
[label_column: ]
[weight_column: ]
[group_column: ]
[ignore_column: ]
[categorical_feature: ]
[forcedbins_filename: ]
[precise_float_parser: 0]
[parser_config_file: ]
[objective_seed: 16083]
[num_class: 1]
[is_unbalance: 0]
[scale_pos_weight: 1]
[sigmoid: 1]
[boost_from_average: 1]
[reg_sqrt: 0]
[alpha: 0.9]
[fair_c: 1]
[poisson_max_delta_step: 0.7]
[tweedie_variance_power: 1.5]
[lambdarank_truncation_level: 30]
[lambdarank_norm: 1]
[label_gain: 0,1,2,3,4,5,6,7,8,9,10,11,12,13,14,15,16,17,18,19,20,21,22,23,24,25,26,27,28,29,30,31,32,33,34,35,36,37,38,39,40,41,42,43,44,45,46,47,48,49,50,51,52,53,54,55,56,57,58,59,60,61,62,63,64,65,66,67,68,69,70,71,72,73,74,75,76,77,78,79,80,81,82,83,84,85,86,87,88,89,90,91,92,93,94,95,96,97,98,99,100]
[lambdarank_position_bias_regularization: 0]
[eval_at: 1,3,5,10]
[multi_error_top_k: 1]
[auc_mu_weights: ]
[num_machines: 1]
[local_listen_port: 12400]
[time_out: 120]
[machine_list_filename: ]
[machines: ]
[gpu_platform_id: -1]
[gpu_device_id: -1]
[gpu_use_dp: 0]
[num_gpu: 1]

end of parameters

pandas_categorical:null
